43.250000 42.250000 3157.00
43.333333 42.416667 4409.96
43.307110 42.456581 3839.53
43.269068 42.402231 3065.24
43.425938 42.391052 2794.88
43.275344 42.466216 2847.82
43.282089 42.388962 3314.25
43.437940 42.455380 3097.33
43.368653 42.498552 3802.55
43.408009 42.478676 3094.37
43.279943 42.499093 3086.79
43.291533 42.277483 3032.41
43.423763 42.496166 2818.24
43.400060 42.473063 3449.17
43.250665 42.334416 2862.89
43.435150 42.414658 3330.47
43.303365 42.264512 2700.96
43.432049 42.259982 2662.28
43.497027 42.377762 2308.94
43.488762 42.363628 2557.60
43.409791 42.322211 2636.08
43.473924 42.407097 2700.15
43.262617 42.365154 3109.47
43.376876 42.345176 3341.62
43.433354 42.348763 3108.66
43.305663 42.384466 2971.04
43.387157 42.407229 3730.37
43.284428 42.272183 2909.97
43.388744 42.342985 3059.31
43.492056 42.320039 2354.36
42.500000 44.500000 2861.00
42.583333 44.666667 1844.99
42.610095 44.740811 3524.15
42.695651 44.586218 2802.92
42.683676 44.718657 2435.54
42.616655 44.548907 2632.05
42.722718 44.603948 1735.04
42.638905 44.702721 3151.51
42.500433 44.533687 2290.85
42.634841 44.622957 1752.63
42.654242 44.547274 3264.92
42.703019 44.501423 4444.31
42.738996 44.711617 3539.32
42.565041 44.514607 1946.48
42.536367 44.515414 2813.80
42.691768 44.693347 3613.34
42.546656 44.658931 3083.28
42.581820 44.700019 2461.23
42.741969 44.590035 2926.01
42.627491 44.699410 2905.00
42.572304 44.601690 2645.28
42.728498 44.507813 3639.56
42.542191 44.639968 2542.70
42.561996 44.515762 2066.30
42.730132 44.535391 3334.69
42.719323 44.598444 2189.01
42.641251 44.543681 3261.52
42.552722 44.739666 2466.47
42.515396 44.524145 2840.45
42.648197 44.614778 2406.71
41.500000 44.750000 505.00
41.583333 44.916667 393.00
41.660045 44.876652 501.03
41.628307 44.787255 702.61
41.674037 44.821120 446.51
41.675007 44.853137 389.32
41.681096 44.898951 448.11
41.509527 44.768066 463.03
41.682153 44.801575 629.74
41.673768 44.910545 435.40
41.599955 44.815849 494.84
41.666243 44.845817 502.22
41.534853 44.962046 548.37
41.643390 44.878376 495.20
41.695057 44.765939 831.15
41.733590 44.928039 731.36
41.665819 44.966514 472.99
41.541439 44.886667 705.54
41.709775 44.764508 479.16
41.521221 44.782525 481.01
41.622545 44.826014 604.45
41.543599 44.808788 499.29
41.541150 44.824104 533.28
41.691727 44.957022 539.40
41.669908 44.797400 616.05
41.595557 44.937872 366.37
41.688510 44.802442 483.11
41.539095 44.919722 572.30
41.605875 44.871895 480.98
41.551708 44.793854 518.02
41.500000 41.500000 0.00
41.583333 41.666667 67.99
41.560648 41.695561 102.19
41.702433 41.640676 0.00
41.741475 41.708510 0.00
41.637020 41.575378 0.00
41.676485 41.636949 0.00
41.523515 41.703987 533.31
41.576885 41.598209 99.38
41.570280 41.715585 206.01
41.705992 41.504133 0.00
41.749884 41.663825 0.00
41.683280 41.602902 0.00
41.561326 41.745973 390.86
41.504237 41.698173 403.97
41.617063 41.563319 0.00
41.512893 41.637536 945.10
41.677303 41.550257 0.00
41.621696 41.737353 413.92
41.736841 41.671554 0.00
41.595352 41.518095 0.00
41.702997 41.633469 0.00
41.617459 41.726239 484.90
41.554149 41.618538 430.11
41.717702 41.671486 0.00
41.615312 41.546712 0.00
41.690375 41.627370 0.00
41.672999 41.624788 0.00
41.570600 41.669769 103.38
41.625049 41.558629 0.00
45.750000 6.750000 2502.00
45.833333 6.916667 3064.99
45.995257 6.765529 2282.79
45.961866 6.787419 1926.72
45.859255 6.887744 4042.08
45.952176 6.941984 2534.02
45.785207 6.869196 2078.69
45.821916 6.766022 2380.27
45.875955 6.928863 2713.71
45.793899 6.812895 3729.82
45.955317 6.805009 2102.94
45.955273 6.899803 1102.31
45.818973 6.765968 2311.22
45.835346 6.821255 3787.24
45.756014 6.933061 2551.31
45.960826 6.791174 1995.97
45.960053 6.992007 2765.73
45.897554 6.790477 1098.69
45.848038 6.908914 3349.82
45.752354 6.779040 2035.24
45.851636 6.800891 2524.55
45.963822 6.892690 1771.27
45.941161 6.827233 1901.24
45.930603 6.829485 2177.45
45.765484 6.750405 2764.64
45.819520 6.839975 3126.00
45.766405 6.809397 2906.94
45.846229 6.801318 2631.05
45.884726 6.924918 2664.78
45.912559 6.903422 2306.38
45.750000 7.500000 724.00
45.833333 7.666667 2726.02
45.896400 7.609383 2049.94
45.842137 7.623843 1931.53
45.793131 7.597482 1140.11
45.940413 7.728406 3706.32
45.752011 7.710177 1661.93
45.762925 7.626989 958.57
45.953678 7.608382 3086.70
45.961810 7.544334 3149.06
45.902085 7.596359 2643.64
45.932657 7.576263 2968.48
45.935376 7.702297 3187.13
45.914975 7.649960 2734.58
45.755112 7.587372 1241.04
45.946439 7.657101 2554.67
45.758081 7.501903 1038.95
45.974508 7.503947 3544.27
45.851867 7.590114 2108.60
45.769760 7.672562 1428.72
45.793818 7.545871 1997.93
45.762827 7.566750 1215.97
45.970900 7.519048 2849.92
45.971301 7.748738 2397.55
45.771559 7.686120 1858.45
45.872902 7.649588 2297.21
45.951113 7.552419 2590.48
45.771180 7.607839 970.39
45.860228 7.681360 2878.23
45.775289 7.701666 1389.81
27.750000 86.750000 4466.00
27.833333 86.916667 5370.00
27.919915 86.967703 5356.24
27.962739 86.814507 5093.74
27.765662 86.881035 5125.97
27.814815 86.887362 6236.93
27.837155 86.980881 5884.69
27.918280 86.750429 5184.44
27.983098 86.965095 5572.34
27.807555 86.806419 5389.18
27.937935 86.756852 5479.12
27.761574 86.833365 5917.97
27.793457 86.851901 5731.66
27.857470 86.851360 5440.49
27.837240 86.857613 5204.80
27.783605 86.772717 5011.14
27.994720 86.885999 7049.01
27.896596 86.913752 5041.10
27.920912 86.964153 5323.32
27.956439 86.966891 7353.91
27.922749 86.820547 5120.28
27.957912 86.992988 6664.81
27.820565 86.974667 6377.64
27.905625 86.927298 5234.84
27.946568 86.944275 6675.13
27.802753 86.875566 5705.10
27.965133 86.758726 5487.35
27.914784 86.986430 6169.64
27.986915 86.882242 6114.08
27.902235 86.819253 4407.30
53.750000 27.500000 193.00
53.833333 27.666667 202.00
53.987131 27.640571 243.74
53.755720 27.694561 190.12
53.988031 27.529893 219.36
53.915826 27.644317 228.01
53.844577 27.629495 194.91
53.889920 27.604348 209.53
53.909648 27.562364 210.10
53.784346 27.623891 210.72
53.999397 27.719265 253.97
53.878939 27.551567 219.85
53.759123 27.613167 197.05
53.920344 27.516451 215.13
53.876436 27.661416 202.07
53.847660 27.537892 214.72
53.839950 27.731892 222.46
53.864548 27.700471 204.28
53.993128 27.717106 249.11
53.955793 27.562585 221.70
53.967171 27.709174 235.41
53.800908 27.631033 199.50
53.875053 27.637842 218.02
53.828761 27.634367 201.15
53.870531 27.741305 221.94
53.768968 27.647299 204.38
53.876116 27.637382 223.32
53.958068 27.734640 247.82
53.986404 27.641095 238.78
53.976294 27.548024 207.80
-32.750000 -70.250000 2940.00
-32.666667 -70.083333 4453.99
-32.532797 -70.134927 4048.37
-32.560078 -70.019662 5190.72
-32.740278 -70.194977 3753.46
-32.745812 -70.116599 3651.77
-32.634911 -70.169289 4163.76
-32.525513 -70.078677 3610.31
-32.697211 -70.214787 3123.75
-32.666642 -70.001620 5393.90
-32.684961 -70.014466 4819.69
-32.562688 -70.033801 4871.65
-32.659656 -70.172235 3569.65
-32.573682 -70.060446 4300.11
-32.705561 -70.058756 3998.61
-32.508688 -70.029461 4080.85
-32.616986 -70.233498 3831.45
-32.515979 -70.125621 4081.36
-32.602628 -70.005220 4368.92
-32.718132 -70.014560 4198.37
-32.538223 -70.218962 3093.23
-32.569832 -70.069374 3910.98
-32.562135 -70.236658 3660.35
-32.558901 -70.002646 4841.42
-32.633942 -70.228489 3648.76
-32.729681 -70.008610 3881.04
-32.523328 -70.193588 3555.02
-32.601299 -70.225025 4376.13
-32.696589 -70.013221 5029.49
-32.527358 -70.126966 4290.60
78.000000 15.500000 314.00
78.083333 15.666667 592.01
78.024554 15.602119 548.60
78.170907 15.648719 519.02
78.192619 15.588726 258.94
78.229351 15.577759 35.43
78.105670 15.614606 473.43
78.199178 15.638265 449.11
78.137281 15.722772 951.72
78.038993 15.647799 809.59
78.193837 15.706122 437.12
78.118815 15.667987 773.06
78.012835 15.665653 502.23
78.237310 15.646566 0.00
78.148518 15.637210 401.53
78.018657 15.611644 471.72
78.221302 15.607098 120.64
78.112340 15.539559 673.16
78.050122 15.689288 413.56
78.115502 15.721139 567.68
78.120854 15.650365 638.19
78.092878 15.561906 347.00
78.125128 15.641780 594.04
78.010357 15.675209 416.35
78.198846 15.653822 400.35
78.236451 15.631590 0.00
78.046266 15.679050 430.02
78.163406 15.585948 652.45
78.113330 15.658833 845.11
78.131721 15.734318 663.23
43.000000 35.000000 NULL
90.000000 0.000000 NULL
90.500000 0.000000 NULL
43.350000 202.440000 NULL
43.000000 180.000000 NULL
43.000000 -180.000000 NULL
